Ice Service Krzysztof Bednarski #         chlodny@wp.eu     #502 439 610
Klimapol Jarosław Czarnecki #         biuroklimapol@gmail.com     #723 920 206
P6 Klima Krzysztof Skarulis #         p6-klima@wp.pl     #790 461 609
Aleksander Zwierzyński Elektromechanika #         elektromechanika56@wp.pl     #(44) 683 48 46
Eko-Sept Klimatyzacja, Pompy ciepła, Fotowoltaika #         biuro@eko-sept.pl     #600 292 325
Serwis Domowy inż. Piotr Główczyński #         serwis.domowy79@gmail.com     #669 103 234
MS Profil Małgorzata Stasiowska #         msprofil@interia.pl     #503 933 822
Went-Klima Łukasz Budnik #         biuro@wentklima.pl     #(22) 511 53 33
Eco-Frost Jarosław Gaworski #         ecofrost@ecofrost.pl     #(77) 472 34 00
Promaster s.c. #         biuro@promaster.pl     #(81) 854 15 96
Went-Klima Klimatyzacja #         biuro@wentklima.pl     #(22) 511 53 33
Klimatyzacja, wentylacja, pompy ciepła - Sprzedaż Montaż - Klima Master #         biuro@klima-master.pl     #695 613 499
Klima-Ben #         biuro@klima-ben.pl     #510 117 414
Igllo Marcin Olejnik #         info@igllo.pl     #512 852 959
Top Klima Piotr Sułowski Tomasz Sułowski Spółka Cywilna #         biuro@topklima.com.pl     #(41) 342 60 57
Clima Polska Sp. z o.o. #         info@clima.com.pl     #(22) 349 29 49
Waso Klim Łukasz Sobała #         biuro@waso-klimatyzacja.pl     #509 447 179
Mateusz Żylarski Instalacje #         zylarski@gmail.com     #535 898 535
Gradus Wentylacja Klimatyzacja Andrzej Kowalik #         biuro@gradus.com.pl     #(58) 557 15 75
Cool Komfort Magic Glassware Piotr Gaca #         komfort.cool@gmail.com     #530 025 540
Fan Piotr Brzeziński #         fan@klimatyzacja.lodz.pl     #(42) 611 12 10
Invest Klima Krzysztof Diakowski #         investklima@investklima.pl     #(58) 660 63 24
Icemax Mateusz Bartkowiak #         icemax@interia.eu     #606 626 496
Cold-Center Rafał Morawski #         cold-center@o2.pl     #661 072 848
WOMAR HVAC spółka z ograniczoną odpowiedzialnością #         jtrzcinski@womar.com     #609 601 771
KlimCool #         biuro@klimcool.pl     #697 927 650
R.K. Chłód-Klim Rafał Kowalski #         r_kowalski@op.pl     #792 268 791
Roc-Went Instalacje Adam Niedzielski #         adam.niedzielski@wp.pl     #505 344 763
Cool&amp;Fresh Tomasz Żmuda #         zmuda.tomasz.93@gmail.com     #602 657 567
Ice Waldemar Zółkiewski #         waldekhot@wp.pl     #697 574 557
Humac Air Creators Sp. z o.o. #         biuro@humac.pl     #509 961 839
Klima Plus Przedsiębiorstwo wielobranżowe Grażyna Czyżak, Marta Czyżak-Jęczkowska Spółka Jawna #         biuro@klima.pl     #(61) 679 11 22
S-Tech Klima Paweł Skrobot #         stechklima@gmail.com     #501 682 041
Klima-Tech Marek Murawski #         klimatyzacja@klima-tech.opole.pl     #606 619 782
Geo-Eko Firma Handlowo-Usługowa Tomasz Bil #         biuro@wentylacja.info     #(13) 464 92 92
Kilklim Cezary Kiliński #         biuro@kilklim.pl     #609 517 372
Ice Net Tomasz Baran #         t-baran@o2.pl     #512 147 893
El Klima Partner Rafał Rozmarynowski #         el.klima.partner@wp.pl     #666 191 311
Hurtownia Wentylacyjna Ventom - Oxy8.pl #         biuro@oxy8.pl     #512 254 005
Klim-El Kamil Krzyżanek #         klimel@op.pl     #502 076 734
##test
Progress Klima Mirosław Królak #         progressklima@progressklima.com.pl     #601 855 855
Climaher Rafał Mikucki #         climaher@op.pl     #609 004 547
Wenteam Łukasz Wlazło #         wenteam.kalisz@onet.eu     #502 161 140
Expert Mirosław Kukurowski klimatyzacja, wentylacja Brzeg #         expertmirek@op.pl     #601 892 551
Tech-Cold Chłodnictwo Klimatyzacja Krzysztof Mosiądz #         biuro@tech-cold.pl     #660 411 160
Klimapro Marek Karpiuk #         marek@klimapro.com.pl     #509 682 423
Ik Instal #         biuro@ikinstal.pl     #881 188 881
Klima-Went Grzegorz Bielecki #         biuro@klimawent-lancut.pl     #605 579 075
Montherm Klimatyzacja Jacek Piwowarczyk #         biuro@montherm.pl     #603 102 303
Gtinstal Tomasz Grębosz #         tomek.grebosz@gmail.com     #698 303 911
Raf Klim Mirosław Zwaduch Klimatyzacja Wentylacja Pompy Ciepła #         rafklimopole@o2.pl     #609 634 083
Polmar sp. z o.o. sp. k. budownictwo klimatyzacja #         polmar@polmar.pl     #(68) 326 59 59
BarTerm Jarosław Barwaśny #         biuro@barterm.pl     #697 439 087
AB Serwis Chłodnictwo i Klimatyzacja Adam Bobyk #         bobykadam@poczta.onet.pl     #531 771 561
Klimatyzacja - Montaż i serwis - KlimaLux Łukasz Gałach #         klimalux@o2.pl     #883 608 928
Plus Minus Tomasz Grabarczyk #         plus.minus.lodz@gmail.com     #696 244 226
Starwent. Wentylacje, klimatyzacje, rekuperacje #         biuro-starwent@o2.pl     #(58) 560 19 19
Kaltex PPU Sp. z o. o. #         kaltex.kielce@kaltex.pl     #(41) 344 90 76
Pfk Instal Piotr Hawryło #         kontakt@pfkinstal.pl     #609 634 804
Kicwent Dominik Królik #         kontakt@kicwent.pl     #722 125 180
Marine Production And Service Ogrzewania Postojowe #         wambroziak@poczta.onet.pl     #733 833 935
RefNeck Sp. z o.o. #         wojciech.refneck@gmail.com     #884 005 929
Inter-Logic Instalacje-elektryczne-teletechniczne #         lukasz.jalocha01@gmail.com     #531 163 094
SOS-KLIMA: Klimatyzacje, Wentylacje, Pompy Ciepła M Czachor #         biurososklima@gmail.com     #502 440 845
Klimat Biuro Usługowo-Handlowe Klimatyzacja Wentylacja #         biuro@klimat.kolobrzeg.pl     #603 782 979
EA-Klima Katarzyna Walczyńska #         eaklima@interia.pl     #797 724 938
Instal-Klima Bartosz Baranowski #         biuro@instalklimapoznan.pl     #785 915 492
Klimars Rafał Szewc #         rafal.klimars@gmail.com     #661 769 535
Klimasae Żółtowski Janusz #         kontakt@klimasae.pl     #796 094 904
G.M. Elektrik Grzegorz Michalski #         gm.1.elektrik@gmail.com     #500 367 897
Elektroinstalacje Tomasz Szarek - pompy ciepła, klimatyzacja #         elektroinstalacje.chojnow@gmail.com     #662 120 872
VBS Polska #         biuro@vbspolska.pl     #511 282 828
Ks Went-klim Krzysztof Sawicki #         sawicki1974@wp.pl     #609 718 774
R-Went Robert Nycz #         klima@r-went.pl     #516 410 890
J&amp;J Jurasek Klimatyzacja Rekuperacja Wentylacja Chłodnictwo #         jurasek@jurasek.net.pl     #601 949 319
Klimanovum #         klimanovum@wp.pl     #792 432 145
Fakart Jacek Hajn #         jacekhajn@gmail.com     #601 857 212
KK-Klima s.c. Grzegorz Kauczor i Piotr Kauczor Twój wykonawca instalacji klimatyzacji #         kk-klima@kk-klima.pl     #602 491 042
Piotronik Klimatyzatory Mitsubishi Electric #         piotronik@piotronik.pl     #604 435 117
Adam Golonka Real Klim #         adamgolonka@poczta.fm     #692 072 443
Paweł Sozański Solarklim #         solarklim@gmail.com     #533 742 277
Jar-Install Usługi Hydrauliczne Jarosław Kopczyński #         jar-install@wp.pl     #600 153 062
RR-Instal Rafał Rasiński #         biuro@rrinstal.com     #515 497 054
Termoklima FUH Paweł Olszewski #         termoklima@wp.pl     #602 109 149
Centra-Kliwent HVAC Paweł Dynowski #         p.dynowski@wp.pl     #603 991 930
Aklimatech PUH Bogumił Sołtysik #         biuro@aklimatech.pl     #602 779 476
Klimadam Adam Skorupa #         Klimadam4@wp.pl     #795 850 423
Wentrik Karolina Pawełczak #         klima.wentrik@wp.pl     #605 307 445
Salon Daikin Klimatyzacja, Pompy Ciepła, Wentylacja- Ap Klima #         apklima@gmail.com     #513 109 472
Globalbau s.c. #         kontakt@globalbau.pl     #510 660 904
Pompy ciepła i Klimatyzacja Marbud Mariusz Lipiński #         marbudlipinski@gmail.com     #517 153 653
Climatronic #         climatronic@list.pl     #502 070 648
Adam Paszkowski PHU Chłodnictwo i Klimatyzacja #         phucik@wp.pl     #501 268 562
Mezon Instal Serwis Sp. z o.o. #         serwis@mezon.pl     #(61) 810 11 05
Solaris Robert Wójcik #         solaris.czest.pl@gmail.com     #662 801 224
Klimario Chłodnictwo i Klimatyzacja Mariusz Ignaciuk #         m.ignaciuk29@gmail.com     #799 081 707
JDG-Klima Michał Gontarski #         michal.gontarski@wp.pl     #607 778 186
Klimar Marek Boszk #         boszkmarek@gmail.com     #533 403 320
Aircomfort Angelika Kaim I Daniel Dydyna S.C. #         daniel.dydyna@op.pl     #502 046 950
AC Mobil Mobilny Serwis Klimatyzacji - dojazd nabijanie naprawa 24h #         acm_serwis@wp.pl     #513 612 332
Klimasol Klimatyzacje, Wentylacje, Instalacje Solarne Jacek Malinowski #         info@klimasol.pl     #504 139 160
Emilenklim Izabela Smoła #         izabela.smola@o2.pl     #533 809 829
Klimatyzacja ,wentylacja, rekuperacja Ice-WentRafał Kacer #         rafalkacer@gmail.com     #607 353 706
Probios-Klima Roman Klimunt #         probios@op.pl     #501 252 250
Instal Way Mateusz Strużyński #         instal.way@gmail.com     #515 211 853
Grzegorz Bomba Montaż i Serwis Klimatyzacji #         klimatyzacja.pl@wp.pl     #518 635 268
Klim-Wel Wentylacja Rekuperacja Klimatyzacja Wojciech Stypik #         klim-wel@klim-wel.pl     #531 249 453
BestKlima Montaż, serwis i sprzedaż klimatyzacji #         biuro@bestklima.net     #783 883 693
Klima-Bud FHU Stanisław Filipowicz #         klimabud@op.pl     #694 596 908
Promo Instal Dawid Wołoszyn #         p.instalwoloszyndawid@gmail.com     #513 628 134
Hvac Serwis Piotr Jurkiewicz #         hvac.serwis@wp.pl     #607 798 890
DomiCar Tomasz Zacharko #         zacharkot@gmail.com     #602 481 698
Klim-Went OK Kamil Piasecki #         kamilpiasecki2@wp.pl     #500 568 048
Db Install Damian Bończak #         dbinstalldb@gmail.com     #514 811 494
Full Comfort Tomasz Domański #         tomasz@fullcomfort.pl     #722 137 820
Klimatech Kamil Roszak #         klimatech.kontakt@gmail.com     #603 463 435
Klima-Tech Marek Schyller #         biuro.klima-tech@wp.pl     #512 286 599
Müller Serwis Zygmunt Müller #         paulinamuller@op.pl     #(68) 351 11 26
Klim-el Montaż klimatyzacji, Serwis klimatyzacji, Chłodnictwo Michał Wawrzyniak #         wawrzyniakmichu@gmail.com     #515 431 470
Klimacoil Wojciech Gaj #         klimacoil@wp.pl     #690 650 540
Grzegorz Turaj Serwis Urządzeń Elektro-Mechanicznych Chłodnictwo-Klimatyzacja #         grzegorz.turaj@onet.eu     #606 310 797
Klim-Ski Radosław Popławski #         kontakt@klimski.pl     #664 415 086
Cawik - Klimatyzacja, Wentylacja, Rekuperacja Jarosław Markowski #         biuro@cawik.pl     #604 759 804
Iglotechnika Komory i instalacje chłodnicze #         biuro@iglotechnika.pl     #(22) 789 61 10
MMD Firma Handlowo-Usługowa Paweł Płatek #         pawelplatek@wp.pl     #600 406 254
Winter-klim Dariusz Safiański #         darek@winterklim.pl     #600 411 811
Uniklima #         biuro@uniklima.pl     #(32) 360 60 35
Smolicz-Systemy Daniel Smolicz #         smoliczsystemy@gmail.com     #661 888 166
SZRONTUR Chłodnictwo i Klimatyzacja #         szrontur@gmail.com     #600 545 372
GS Klima Sp. z o.o. #         gsklima@gsklima.pl     #605 438 404
Jarosław Ziętkiewicz Ekologi Team #         biuro@ekologiteam.pl     #691 766 133
KZserwis Krystian Znyk Serwis i montaż klimatyzacji #         kzserwis@op.pl     #603 050 244
Klima-Pop Zbigniew Popkowski #         biuro@klimapop.com.pl     #691 376 174
VRF Sp. z o.o. #         franciszek.klimosz@vrfpolska.pl     #(32) 435 01 98
Interklima Pogotowie Klimatyzacyjne Marek Drozdowicz #         m.drozdowicz@pogotowieklimatyzacyjne.pl     #516 088 641
Klimatyzacja #         kontakt@klimatyzacjaelblag.pl     #604 839 010
Nowec Chłodnictwo Klimatyzacje Tomasz Kożuchowski #         nowec@nowec.pl     #507 513 524
V-Klima Waldemar Iwaszko #         biuro@vklima.pl     #602 288 059
Eldom Klimatyzacje Wentylacje Pompy Ciepła Odkurzacze Centralne #         biuro@eldom-instal.pl     #601 345 135
Fal-Went Igor Falkowski #         falwent@gmail.com     #669 541 415
Klima-T Firma Handlowo-Usługowa Krzysztof Wiśniewski #         krzysiekwisniewski@o2.pl     #(79) 672 84 80
Klima Komfort Klimatyzacja Wentylacja Rekuperacja #         daniel.skulski@gmail.com     #793 589 520
Sortis Bartosz Niepsuj #         sortis@sortis.net.pl     #607 840 984
Auto Naprawa Robert Belczyk #         rbelczyk@wp.pl     #602 290 436
Eltech-Klim Krzysztof Kietliński #         biuro@eltech-klim.pl     #515 628 483
Met-Cool PHU Robert Dyrek #         biuro@metcool.pl     #600 880 204
Klima-System Robert Kołodziejski #         biuro@klimasystem.net.pl     #503 055 791
Instal-bud Dziergwa Roman #         instal-bud.firma@wp.pl     #507 026 900
Klimakomplex Sp.j. M. i J. Szpinda #         biuro@klimakomplex.pl     #604 521 070
Klimatrik s.c. #         biuro@klimatrik.pl     #885 246 443
Sterpol PPUH #         sterpol@sterpol.com     #503 157 799
Brygada Rr Klimatyzacja Wentylacja Chłodnictwo Radosław Rudnik #         brygadarr.pomorze@gmail.com     #608 213 993
Sylmat-Instal Krzysztof Lipa #         lipak@onet.eu     #663 630 699
Montaż Pomp Ciepła I Klimatyzacji Wiesław Złoch #         wieslaw.klimatyzacje.pompy@gmail.com     #501 147 753
Eko Klima - Montaż i Serwis Klimatyzacji Tomasz Małolepszy #         ekoklima-kontakt@wp.pl     #512 234 644
Abm-Klimatyzacja Adam Brzeziński #         abm-klimatyzacja@wp.pl     #792 111 715
DTech mgr inż. Dawid Tuora #         dtuora@gmail.com     #530 293 285
Klimacentrum Krzysztof Wiśniewski #         klimawisniewskicentrum@gmail.com     #726 634 251
Firma Usługowo Budowlana John Gański #         john.ganski@spoko.pl     #662 219 483
Czas Klimatyzacji Jacek Borkowski #         jacekborkowski@op.pl     #530 540 284
Draf-Rafał Dziumakowski #         draf@interia.pl     #607 067 264
Mag-Tom Tomasz Dybeł #         biuro@klimamax.pl     #739 904 517
Klima-Kurp Adrian Oleksik #         adrian.oleksik06@gmail.com     #518 730 700
Turbo Klima Dariusz Strzelczyk Naprawa klimatyzacji, sprzedaż i naprawa sprężarek do klimatyzacji #         turboklima@wp.pl     #691 864 455
Filip Falkowski #         filip.falkowski@op.pl     #696 817 978
Klimag Tomasz Magiera #         biuro@klimag.eu     #608 639 199
Art Cold Mirosław Knapik #         artcoldmk@gmail.com     #694 877 479
Bieda Waldemar Montaż Klimatyzacji Serwis AGD #         wbwalmar@vp.pl     #501 459 096
Klima Paw Paweł Rutkowski #         pawelserwis1980@gmail.com     #509 778 136
Klim Star Krzysztof Hunek #         Klim-Star-biuro@o2.pl     #509 696 500
Inbud 24 Piotr Olędzki #         biuro@inbud24.eu     #509 216 750
Instalekspert Kacper Korczykowski #         biuro@instalekspert.com     #665 364 177
ColdFall Grzegorz Hławiczka #         coldfall198@gmail.com     #695 366 203
Bal-Therm Sp. z o.o. #         biuro@bal-therm.pl     #880 858 888
Ice Air-System Klimatyzacje Pompy Ciepła Rzeszów #         wieslaw.beres@gmail.com     #691 444 046
Ap Chłodnictwo Łukasz Siemiński #         kontakt@apchlodnictwo.pl     #605 492 600
Michał Kuc Kwr System #         michalkuc.89@wp.pl     #510 150 483
Klimagra Usługi Klimatyzacyjne i Automatyka mgr inż. Piotr Grabarz #         klimagra@klimagra.pl     #605 057 245
Art Wit Waldemar Witek #         artwit38@wp.pl     #609 605 296
Annpol FHU Paweł Zembaczyński #         annpolserwis@poczta.onet.pl     #505 193 055
Moja Klimatyzacja Montaż Serwis Sprzedaż Naprawa Urządzeń Klimatyzacyjnych #         szymonkosicki1@wp.pl     #739 031 483
VBS Polska Dariusz Bartycha #         dariusz.bartycha@wp.pl     #666 711 222
Makroklima Michał Marciniak #         makro-klima@wp.pl     #667 954 937
Climat Michał Giejło #         climat58@gmail.com     #517 878 876
Ac Spece Marcin Świrski #         acspece@gmail.com     #537 027 027
Ardom-Serwis Klimatyzacja, chłodnictwo, naprawa AGD #         ardomserwis@konin.lm.pl     #(63) 242 34 70
Pphu Chłodus Zdzisław Brodzik #         chlodus@o2.pl     #504 123 375
Emisan Michał Wnętrzak #         emisan@onet.pl     #888 555 033
&quot;Abees&quot; Przedsiębiorstwo Wielobranżowe Tomasz Frąckowiak #         abees-klima@wp.pl     #605 697 398
&quot;Abk Service&quot; Sp. z o.o. ##(58) 699 12 25
&quot;Ac &amp; R&quot; Marek Olejnik ##605 076 115
AC Klimatyzacja ##501 160 850
ACC Engineering S.C. W.Cora P.Kostecki ##691 763 389
ACE Serwis Techniczny Sp. z o.o. #         biuro@serwis-ace.pl     #506 278 024
&quot;Ac-Klima&quot; Przedsiębiorstwo Handlowo-Usługowe ##(74) 810 07 00
Aclimation Adrian Łukowski #         aclimation@wp.pl     #791 952 678
Adam Salachna Zakład Elektromechaniki Chłodniczej #         zech@onet.pl     #602 104 166
&quot;Aero-System&quot; ##(34) 365 74 89
&quot;Aero-System&quot; Przedsiębiorstwo Wielobranżowe Dariusz Pohorecki ##(34) 365 74 89
AgaTomDom Tomasz Szych #         sykulaa@gmail.com     #503 485 569
A-Geco Agnieszka Kędzierska-Gruba #         dariusz.gruba@gmail.com     #668 022 404
Airclim Solutions Arkadiusz Skiba ##880 375 501
AirZone Łukasz Wabik ##535 445 154
A.K. Klimatyzacje Chłodnictwo i Klimatyzacja #         sieklinski@op.pl     #Oceń firmę i napisz o niej opinię:
AK Klimatyzacje S.C. #         biuro@ak-klimatyzacje.pl     #535 380 806
AK Klimatyzacje Sp. z o.o. #         biuro@ak-klimatyzacje.pl     #535 380 806
&quot;Aktimar&quot; Marcin Zieliński ##606 981 402
&quot;Aktyw-Bud&quot;Zakład Usługowo-Produkcyjno-Handlowy Osuszania Budowli S.C. Nawrot Maciej Nawrot Jarosław Nawrot Wojciech ##(22) 827 15 41
Alando Alicja Ciszewska #         ciszewska-alicja@o2.pl     #608 777 545
Aleksander Szelug As Serwis #         as.serwis.zamosc@gmail.com     #792 795 099
Aleksander Szumotalski Jetklim ##517 048 448
&quot;Alfa Clima&quot; Dariusz Ciupa #         alfaclima@interia.pl     #509 589 100
&quot;Alfaco Polska&quot; Sp. z o.o. Oddział ##(85) 664 84 28
Alfa-Went Grażyna Czech Wentylacja-Klimatyzacja-Ogrzewanie Projektowanie-Montaż-Serwis #         alfawent@gmail.com     #516 148 181
Alma Sp. z o.o. #         almamaciej@wp.pl     #606 205 075
&quot;ALS&quot; Łukasz Szyłko ##(91) 885 12 91
Al-Systems Adrian Labisko #         selector1@interia.pl     #664 663 191
&quot;Amel&quot; S.C. Firma Handlowo-Usługowa Andrzej Kobus Dariusz Gadecki ##(48) 382 03 92
Amg Solutions Sp. z o.o. #         amgs@onet.eu     #508 164 195
Amster Global Sp. z o.o. ##(12) 682 10 60
Andreo Klim ##608 749 601
Aneta Jezierska &quot;All-Klim&quot; #         klima.alarm@vp.pl     #506 379 510
AP KLIMA Artur Pieniak #         apklima@gmail.com     #513 109 472
&quot;App&quot; Sp. z o.o. ##(22) 720 15 93
&quot;Ap-System&quot; Firma Handlowo-Usługowa Andrzej Pelc ##608 368 866
&quot;Ardom-Serwis&quot; Krzysztof Wiśniewski #         ardomserwis@konin.lm.pl     #508 165 135
Arkadiusz Wielgosz ##606 143 360
&quot;Arkterm&quot; ZHU Mariusz Adamski ##601 319 149
Arlow Klikmatechnik Sp. z o.o. ##(22) 667 72 22
&quot;Art. Klim&quot; Łukasz Gierak ##607 160 212
Arte Futuro Jacek Dremlik #         jaca71d@gmail.com     #725 583 754
&quot;Artex&quot; FPUH Krawczyk Artur #         fpuhartex@wp.pl     #504 120 430
&quot;Art.Klim&quot; Łukasz Gierak ##607 160 212
&quot;Artklima&quot; Artur Paluch #         artklim@op.pl     #889 014 828
Art-Klima Bieńkowski Sroczyński Sp. J. ##(22) 243 78 79
Arwent Artur Ducki #         arwent@o2.pl     #501 256 954
&quot;Askat&quot; Paweł Tabor #         serwis@askat.pl     #507 157 285
Asklim Artur Pogorzelski ##516 808 925
&quot;Asp Przyborowski&quot; #         aspprzyborowski@wp.pl     #604 205 434
Aspawen Bogdan Siuta #         biuro@aspawen.pl     #601 772 558
&quot;Asz&quot; PUH Elektromechanika Chłodnicza Serwis Chłodnictwa i Klimatyzacji Andrzej Szywała ##602 318 896
Atom System Tomasz Chrzanowski #         biuro@atom-system.pl     #514 161 513
Automatyka i Technologia Chudzia Mariusz #         ait@vp.pl     #601 830 698
&quot;A-Z&quot; Klimatyzacja Wojciech Kalinin ##(41) 386 37 76
Balumet Sp. z o.o. #         balumet@firma.pl     #794 142 967
BEST COOL Łukasz Abram #         ajber@o2.pl     #500 842 994
Bielecki S.C. Klimatyzacja Chłodnictwo Bielecki Rafał Bielecki Dawid ##787 566 710
BLP Benedykt Bulek ##600 435 806
&quot;Bomar&quot; Mariusz Bochyński #         bomar71@o2.pl     #508 912 542
&quot;Bomax&quot; Sp. z o.o. #         bomax@op.pl     #(12) 418 27 05
&quot;BP-Klima&quot; Przedsiębiorstwo Handlowo-Usługowe Przemysław Braciszewski #         bpklima@wp.pl     #793 247 666
&quot;BPM&quot; Wiesław Damazer ##(42) 646 81 47
Bronk Bogusław Firma Handlowo-Usługowa #         boguslaw.bronk@wp.pl     #(55) 279 41 07
Bud-Klima Katarzyna Majka #         budklima1@gmail.com     #506 154 646
&quot;BZK&quot; Klimatyzacja Beata Karwecka #         z.karwecki.klima@vp.pl     #607 960 150
&quot;C S L&quot; S.C. Olszewski Konrad Rokicki Jarosław ##(22) 789 25 16
Ceiling System Szymon Szlasa ##604 906 397
Centralne Systemy Wentylacji ##530 860 175
&quot;Cesja&quot; Sp. z o.o. ##(71) 327 47 74
&quot;Cesja&quot; Sp. z o.o. #         sprzedaz@cesja.pop.pl     #Oceń firmę i napisz o niej opinię:
Chiller Serwis Tomasz Kolańczyk #         biuro@chillerserwis.pl     #691 656 986
Chłod Alicja Sala ##(12) 273 76 39
Chłodmar-Elektro Marcin Błaszczyk #         chlodmar@wp.pl     #668 346 892
Chłodnictwo-Klimatyzacja Serwis AGD Arkadiusz Balicki #         arkadiusz.balicki@wp.pl     #604 142 614
Chwedun Artur Firma Usługowa ##509 246 055
Cichocki Lech - Remonty ##666 102 104
&quot;Ciepło-Klim&quot; Robert Bełz #         cieplo_klim@op.pl     #606 480 543
&quot;CiK&quot; Chłodnictwo i Klimatyzacja Marek Wiśniewski #         c.i.k@o2.pl     #505 625 281
&quot;Clearvent&quot; Igor Osada #         biuro@clearvent.pl     #669 945 957
&quot;Clima Serwis&quot; Jerzy Han ##605 069 171
Clima-Comfort #         firma@clima-comfort.com.pl     #(91) 422 70 32
&quot;Climag&quot; P.H.U Mariusz Wiaderkiewicz #         bok@climag.pl     #512 385 875
&quot;Clima-Life&quot; Piotr Krzemień #         biuro@clima-life.pl     #530 739 506
Climar ##792 005 353
CLIMA-SOLUTIONS S.C. ##602 461 821
&quot;Climastab&quot; #         biuro@climastab.pl     #505 440 948
Climate Control #         lukaszdobkiewicz@poczta.onet.pl     #880 448 771
Climatico Jarosław Jackowiak ##696 447 176
Cold Serwis S.C. Mirosław Gdowski Adam Folwarczny #         hugocold@o2.pl     #501 201 675
&quot;Conbest&quot; Sp. z o.o. Firma Inżyniersko-Handlowa ##(12) 261 95 00
Construct Marcin Wieczorek #         marcinwieczorek01@interia.pl     #Oceń firmę i napisz o niej opinię:
Cool Expert Waldemar Zań #         zanwaldek@gmail.com     #515 543 489
Cool System ##691 190 677
&quot;Cool-Service&quot; Sp. z o.o. #         biuro@cool-service.pl     #Oceń firmę i napisz o niej opinię:
&quot;Cool-Serwis&quot; #         cool_serwis@op.pl     #504 761 637
&quot;Cool-Serwis&quot; Paweł Zajączkowski #         topolowa114@interia.pl     #692 548 218
&quot;Cool-Tex&quot; Szymon Kozioł #         cooltex@op.pl     #504 134 145
Cooltherm - Klimatechnik Sebastian Zdero ##784 588 069
Czajkowski Jacek Klimatyzacja-Chłodnictwo #         jcchlod@op.pl     #609 623 989
&quot;Dan-Frost&quot; Anna Bielak ##601 357 271
&quot;Dantherm&quot; Chłodnictwo-Klimatyzacja Piotr Choliński #         dantherm@op.pl     #501 011 360
&quot;Dantof&quot; S.C. Przedsiębiorstwo Handlowo-Usługowe Kamil Kulczycki Bogdan kulczycki #         poczta@bolid-dantof.pl     #(76) 846 17 10
&quot;Darp Automatic&quot; Dariusz Pasieczny ##601 669 464
&quot;Decart&quot; Firmowy Serwis Ogumienia Mieczysław Koza #         decartlegnica@wp.pl     #(76) 854 74 48
&quot;Deka-Ter&quot; S.C. Firma Remontowo-Budowlana Zbigniew Grzywacz Ryszard Janduła ##501 006 209
Dek-Serwis Agnieszka Wojtaszczyk #         dek-serwis@wp.pl     #784 102 886
Deltra Piotr Graczykowski Sp. J. ##(42) 637 75 90
&quot;Dg System&quot; Sp. z o.o. ##781 449 100
&quot;DIAGNO-KLIMA&quot; Karol Dauksza #         info@diagno-klima.pl     #693 124 022
&quot;Dimen&quot; S.C. ##888 727 783
DK Group Dawid Kudyba #         frigotechnik.pl@gmail.com     #(76) 743 50 50
DK Klimatyzacje Kamil Dybowski #         kamil.dybowskix@gmail.com     #795 676 263
&quot;D&amp;M&quot; Przedsiebiorstwo Produkcyjno-Handlowo-Usługowe Dawid Wróbel #         pphudim@gmail.com     #694 826 400
Dorota Juskowiak - Juskowiak ##507 178 658
DOSTOSUJ KLIMAT Tomasz Bienek #         DostosujKlimat@gmail.com     #794 170 929
&quot;DPW&quot; Bruno Smykalla #         dpw1@wp.pl     #602 695 577
Drzymała Łukasz Przedsiębiorstwo Handlowo-Usługowe Polaris #         polaris@pws.pl     #(76) 842 19 56
&quot;Dts Fuskas&quot; Justyna Fuskas-Honc #         justafuskas@plusnet.pl     #693 376 216
Dźwig Serwis Gach Łukasz ##602 676 771
Eccoms Sp. z o.o. #         eccoms@eccoms.pl     #(22) 812 90 98
Eco Hydrotherm Krzysztof Walawender #         krzywala@interia.pl     #602 876 831
Ecoair S.C. ##506 114 335
Ecommel Adam Rapalski #         commel@op.pl     #691 113 545
Eco-Vent Wentylacja Klimatyzacja Krzysztof Laskowski #         ecovent@wp.pl     #602 643 532
&quot;Ed-Cert&quot; Firma Produkcyjno-Handlowo-Usługowa Dariusz Gola #         dariusz.gola@wp.pl     #(32) 389 62 05
&quot;Eko-Klima&quot; Sp. z o.o. ##791 551 070
Ekolift Serwis Adam Białecki Roman Hajduk Roman Szaga S.C. ##785 266 201
Ekostar Sp.j. ##(22) 868 04 23
&quot;El Serwis&quot; Sp.j. ##501 417 787
Elek Daniel Słyszewski Szymon Paczyński S.C. ##699 138 226
&quot;Elektro-Cool-Bud&quot; S.C. Andrzej Telecki Mirosław Perz ##505 035 951
Elektroinstalatorstwo Roman Zerbe #         romanzerbe_automatyka@op.pl     #602 714 260
Elektro-Klim Bartłomiej Zyszczyk #         kontakt@klimaradzyn.pl     #608 374 366
&quot;Elektro-Klim Polska&quot; Klimatyzacja i Wentylacja #         kszelagiewicz@gmail.com     #791 800 109
Elektromechanika Chłodnicza Tomasz Nosal ##694 953 832
Elektromechanika Dźwigowa S.C. Loska Jerzy Loska Piotr ##607 472 169
&quot;Elektro-MIX&quot; Sylwester Piórkowski #         elektromix.poczta@interia.pl     #(22) 765 21 68
&quot;Elektromix.Org&quot; Emil Wróblewski ##607 661 991
ELEKTRONIKA Jacek Rusowicz ##533 221 133
&quot;Elektro-Serwis&quot; Andrzej Nowakowski ##(68) 327 81 80
&quot;Elektro-Serwis&quot; Grzegorz Wowk #         gwowk@o2.pl     #607 233 324
&quot;Elektrowent&quot; S.C. Przedsiębiorstwo Usługowo-Produkcyjne ##(29) 764 72 90
El-Klim Krzysztof Jurczak ##507 697 502
El-Klim S.C. Krzysztof Nędzyński,Albert Turek #         elklim@wp.pl     #662 920 502
El-Klimat Zbigniew Błaszczyk #         biuro@el-klimat.pl     #537 530 203
&quot;Elmar&quot; Przedsiębiorstwo Budowlano-Instalacyjne Wioletta Kopacz #         wiola.kopacz@gmail.com     #Oceń firmę i napisz o niej opinię:
&quot;Elmont&quot; S.C. Piotr Barzantny Waldemar Wenszka ##602 174 340
&quot;Eltechma&quot; Firma Usługowa ##(71) 795 40 89
Elwat Plus Tomasz Łoś #         elwat.sklep@wp.pl     #(52) 322 41 22
Elzet Leszek Zając ##538 997 766
&quot;Enter&quot; Sp. z o.o. ##(95) 732 32 17
&quot;Enter&quot; Sp. z o.o. #         enter@clima.pl     #(95) 732 06 81
E.P. Klima #         e.p.klima@wp.pl     #507 769 032
Ergoklima Michał Tomala #         biuro@ergoklima.pl     #663 830 025
&quot;Ergoklima&quot; S.C. Michał Gramera Michał Tomala ##663 830 025
&quot;Euroairco&quot; Adam Bieliński #         euroairco@poczta.fm     #Oceń firmę i napisz o niej opinię:
&quot;Eurobud Opolski i Adaszkiewicz&quot; Sp. z o.o. ##730 091 027
Euromix ##(32) 473 60 34
&quot;Europrosperita&quot; FHU Arkadiusz Szczęsny ##609 025 125
&quot;Europrosperita&quot; Firma Handlowo-Usługowa Arkadiusz Szczęsny ##609 025 125
Faco #         maciej.buzala@gmail.com     #Oceń firmę i napisz o niej opinię:
Farem Firma Usługowo-Handlowa Fajkis Mirosław ##606 750 208
FHPU Tera-Servis S.C. Talarek Marek ##602 212 278
FHU Ajax - Bud Robert Kmiołek ##504 136 067
Fhu Hydraklim Wanda Jamróz #         biuro@hydraklim.pl     #Oceń firmę i napisz o niej opinię:
F.H.U. &quot;Unitech&quot; Piotr Pacewicz #         piotr.pacewicz@gmail.com     #505 054 357
Firma Handlowo-Usługowa &quot;Ewot&quot; Wojciech Nieżurawski #         rzepka1979@o2.pl     #Oceń firmę i napisz o niej opinię:
Firma Handlowo-Usługowa &quot;Golden Klimat&quot; Przemysław Gołdyn #         biuro@golden-klimat.pl     #607 114 837
Firma Handlowo-Usługowa &quot;Klima Tec&quot; Piotr Jędrysek #         klimatec@op.pl     #Oceń firmę i napisz o niej opinię:
Firma Handlowo-Usługowa KLIMEO Zbigniew Lewandowski #         biuro@klimeo.com.pl     #(52) 516 11 86
Firma Usługowa &quot;Eko-Klim&quot; Stawiarz Ireneusz ##693 974 462
Firma Usługowo-Handlowa &quot;Foka&quot; Tomasz Morawski #         morawski.t@vp.pl     #502 440 281
&quot;Flow Technika&quot; Jakub Bardowski ##512 325 699
Frigo Serwis Dominik Miłosz #         frigoserwis@gmail.com     #500 296 464
FRIGOPACH Robert Pach ##(32) 217 05 94
&quot;Frigopol&quot; Klimatyzacja Tadeusz Gabryelczyk ##(68) 387 34 05
Frigo-Technik Paweł Gieniusz #         frigo-technik@wp.pl     #781 981 921
F.U.H. &quot;Ice Air&quot; Mieczysław Draguła #         miecio.d@vp.pl     #694 572 762
G. R Construction Grzegorz Rugała #         g.r.constraction@gmail.com     #(84) 682 15 74
&quot;G.G.&quot; Przedsiębiorstwo Produkcyjno-Handlowo-Usługowe Grzegorz Grzelec #         biuro@pphugg.com.pl     #501 241 897
&quot;Giersnet&quot; Partner Ekoklimax-Projekt #         biuro@giersnet.pl     #501 106 630
Gl Systems Grzesiński Łukasz #         glsystems@wp.pl     #693 030 988
&quot;Glob-Term&quot; Kajetan Bednarek #         glob-term@o2.pl     #691 054 306
&quot;Godmar&quot; Technika Grzewcza Dariusz Marcinkowski #         pigllet7@gmail.com     #601 072 416
Grab S.C. Grzegorz Radzio Arkadiusz Byliński ##508 083 792
Gradęga S.C. Paweł Dębiński Leszek Gracoń Adrian Gacek ##(67) 256 21 07
&quot;Granit&quot; Zakład Remontowo-Budowlany Terlikowski Zbigniew Gierach Józef Roman ##510 119 811
&quot;Greens&quot; Marcin Banasiak #         klimatyzacja@greens.com.pl     #Oceń firmę i napisz o niej opinię:
Greg&#039;S Group Grzegorz Składanowski #         greg4heat@yahoo.com     #(14) 645 22 78
&quot;groszek&quot; ##604 136 607
Grupa Vento - Max Sp. z o.o. ##691 666 444
Grzegorz Turaj Serwis Urządzeń Elektro-Mechanicznych Chłodnictwo Klimatyzacja #         grzegorz.turaj@onet.eu     #606 310 797
Grzyb Czesław Instalatorstwo Elektryczne #         czeslaw_grzyb@wp.pl     #502 063 346
GT Chłodnictwo Sp. z o.o. #         gtklima@vp.pl     #664 540 911
&quot;Halny&quot; Przedsiębiorstwo Handlowo-Usługowo-Produkcyjne #         klimatyzacja@vp.pl     #504 707 648
Hazet S.C. J.Zieliński S.Hryniewicz ##(95) 735 34 55
&quot;Hk-Elektro&quot; FHU Krawczyk Hubert #         hubert_krawczyk@wp.pl     #600 611 821
&quot;Holden International&quot; Sp. z o.o. ##512 175 676
&quot;Holster&quot; Sp. z o.o. ##505 429 093
&quot;Hot-Klim&quot; Tomasz Drożdż ##(12) 251 02 43
Hydro-Klima Damian Stasiak #         biuro@klimatyzacjabrzeg.pl     #516 516 260
ICE Pol Paweł Szadkowski ##693 633 588
Ice Waldemar Zółkiewski ##697 574 557
Idczak Mariusz Firma Usługowa ##601 764 815
&quot;Iglofan Serwis&quot; Marcin Szczepański #         biuro@iglofan.pl     #501 033 774
&quot;Iglotech&quot; PUH Radłowski Patryk ##605 347 961
&quot;Igo&quot; Sp. z o.o. ##(22) 331 46 00
Impact - Grzegorz Wójcik #         wojcik.fotograf@interia.pl     #Oceń firmę i napisz o niej opinię:
Instal Craft Jakub Nowacki #         InstalCraft@o2.pl     #608 034 348
&quot;Instal Warszawa&quot; S.A. ##(56) 659 08 35
&quot;Instalator&quot; Pracownia Projektowa Bożena Komerska #         biuro@instalator.kielce.pl     #609 389 476
Instaldom #         slawomir.ryniec@gmail.com     #607 217 747
Instalkar Anna Karpiejczyk ##534 029 925
&quot;Instal-Klima&quot; Kamil Skonieczny #         instal.klimatyzacja@gmail.com     #507 715 317
&quot;Instaltech&quot; Firma Usługowa Zbigniew Szpręglewski ##662 019 435
&quot;Instal-Tech&quot; Piotr Kolat #         piotr.kolat@itpk.eu     #793 199 798
Instal-Zed Firma Prywatna #         poczta@instal-zed.com.pl     #(44) 647 74 79
Integrity Group Tomasz Drenczewski #         biuro@klimatyzacja.olsztyn.pl     #609 395 142
INTERKLIMA Marek Drozdowicz Pogotowie klimatyzacyjne #         m.drozdowicz@pogotowieklimatyzacyjne.pl     #516 088 641
IN-THERMA Technika Chłodnicza S.C. #         biuro@in-therma.pl     #512 170 380
&quot;Intspace&quot; Sebastian Świergiel #         intspace@intspace.com.pl     #662 777 793
&quot;Investment Consulting AC&quot; Janusz Csáky #         info@acklima.pl     #(22) 254 00 15
&quot;Inwent&quot; Piotr Żółkowski ##(81) 469 16 10
&quot;Izo-Bud&quot; Andrzej Pałdia ##(18) 285 20 93
&quot;Izofiber&quot; S.C. ##501 178 553
Jacek Czajkowski Klimatyzacja-Chłodnictwo ##609 623 989
Jar-Cool Jarosław Czekalewski #         j.czekalewski@wp.pl     #503 134 425
&quot;Jarex&quot; Jarosław Steczko ##603 291 309
Jarosław Maliszewski Icepol Jarosław Maliszewki Citerus S.C. ##601 355 198
&quot;Jar-Went&quot; Jarosław Nakonieczny #         jarek.went@gmail.com     #Oceń firmę i napisz o niej opinię:
&quot;Jasiem - Bud&quot; Jakub Siemieniuk ##692 907 788
Jaso Serwis Sp. z o.o. Sp. K. ##(22) 727 32 75
Jaworski Tomasz Narzędzia ##(48) 619 51 36
&quot;Jo-Mi-Ka&quot; Firma Handlowo-Usługowa Kasprzycki Michał #         jomika.mk@wp.pl     #663 536 785
&quot;Kajortech&quot; Arkadiusz Popławski #         arkadiusz.poplawski@gmail.com     #600 040 421
&quot;Kaldo&quot; Firma Handlowo-Usługowa Biuro Handlowe #         kaldo@kaldo.pl     #(12) 292 29 00
Kalina Henryk Usługi Instalacyjne ##500 273 549
Kapelańczyk Zbigniew Zakład Blacharstwa Budowlanego #         instalwent@instalwent.pl     #(59) 842 04 04
Karbon Sp. z o.o. ##(32) 423 85 21
Karol Gzikowski Chłodnictwo Klimatyzacja Klim-Karl ##695 828 454
&quot;Kaset-Okno&quot; Przedsiębiorstwo Handlowo-Usługowe S.C. Bogdan Drogoś #         kasetokno@poczta.onet.pl     #604 220 482
KGT-KLIMA Grzegorz Kucharski #         kgt.klima@onet.pl     #516 484 838
Klima - One Mariusz Krupa ##509 205 086
&quot;Klima Art-Bis&quot; Kamil Kmiecik #         klima-art@wp.pl     #Oceń firmę i napisz o niej opinię:
Klima System Kraśnik Eryk Koślak #         krokodyl8@o2.pl     #530 447 339
Klima Technik #         info@klima-technik.pl     #609 610 049
&quot;Klima-Gaz&quot; Przedsiębiorstwo Wielobranżowe #         klimagaz@tlen.pl     #Oceń firmę i napisz o niej opinię:
Klimagrzew Serwis Bogdan Michalski #         biuro@klimagrzew.pl     #784 082 730
&quot;Klima-Instal&quot; Artur Wojtyś ##502 114 251
Klimakamila Kamil Jakubowski ##880 821 000
Klima-Komfort Klimatyzacja ##(58) 348 75 91
Klimaks Agnieszka Kruk #         klimaks@vip.onet.pl     #602 328 677
Klimakub Robert Maśniak #         klimakub@wp.pl     #698 349 378
KLIMAMIKA Agnieszka Mika #         klimamika@klimamika.pl     #694 605 613
KLIMA-now #         r-nowinski@wp.pl     #793 417 278
Klimar - Serwis klimatyzacji i urządzeń chłodniczych #         klimar_ost@poczta.onet.pl     #601 558 604
Klimaret Piotr Kuśmierczuk #         kontakt@klimaret.pl     #(94) 351 22 86
&quot;Klimark&quot; Marek Cytryniak #         klimark@klimark.pl     #693 442 737
Klimaro Zakład Produkcyjno-Handlowo-Usługowy #         biuro@klimaro.com.pl     #509 330 877
Klima-Sfera ##(91) 300 04 83
Klima-System #         k.bodek@wp.pl     #501 376 199
&quot;KLIMASZ&quot; Wentylacja-Klimatyzacja Szmigielski Edward #         klimasz@klimasz.pl     #606 613 786
Klimat Arkadiusz Jankowiak #         klimat.srem@gmail.com     #668 819 336
&quot;Klimat&quot; Sp. z o.o. Przedsiębiorstwo Produkcyjno-Usługowe ##(58) 663 88 88
&quot;Klima-Tec&quot; PW Dariusz Kaczmarek ##(61) 661 61 91
Klimatech G.N. Grzegorz Niemirow #         grzegorzklima1@wp.pl     #889 768 373
Klimatech Serwis Piątek Marek #         marekfrajtak@o2.pl     #783 472 149
&quot;Klimatechnik&quot; Henryk Czekaj ##501 133 148
&quot;Klima-Tech-Serwis&quot; Leszek Żukowicz #         szymekz1@op.pl     #507 433 667
Klimatim S.C. Michał Gawlik Konrad Stachaczyk #         biuro@klimatim.pl     #603 173 948
&quot;Klima-Tom&quot; Tomasz Jaroszewicz #         klimatom@op.pl     #507 744 016
Klimator 24h #         klimator@vp.pl     #509 931 685
&quot;Klimat-System&quot; Wojciech Wilczyński ##(22) 213 92 20
Klimatyzacja i Instalacje Elektryczne F.U.H. Kasprzycki ##501 529 489
Klimatyzacja Mazowsze Adam Rudawy ##694 851 273
Klimatyzacja Went-Klima #         biuro@wentklima.pl     #(22) 511 53 33
Klimatyzowanydom Mariola Kosek #         biuro@klimatyzowanydom.pl     #503 381 955
KLIMAX Klimatyzacja i Chłodnictwo Andrzej Więcławik Grzegorz Więcławik ##721 069 114
&quot;Klimax&quot; Marcin Kutkowski ##502 562 262
&quot;Klimax&quot; S.C. Dariusz Rybak Rafał Kałek #         klimax-sc@o2.pl     #662 286 624
&quot;Klim-Bud&quot; Klimatyzacja Wentylacja Ogrzewanie Usługi Remontowe #         klimbud@klim-bud.pl     #504 041 946
&quot;Klimel&quot; Przedsiębiorstwo Usługowo-Handlowe Mieczysław Żurek #         klimelrumia@gmail.com     #602 727 421
&quot;Klimex&quot; Przedsiębiorstwo Handlowo-Usługowe Łukasz Sowa #         poczta@phu-klimex.pl     #Oceń firmę i napisz o niej opinię:
&quot;Klim-Klam&quot; Paweł Kalenik ##793 256 486
&quot;Klimont&quot; S.C. PPUH #         klimont@klimont.net     #(33) 817 09 02
&quot;Klimrest&quot; Firma Usługowo-Handlowa Hubert Myszkowski #         hubertmyszkowski@vp.pl     #885 377 888
Klim-Star Jerzy Bystrzyński ##604 453 391
Klinkosz-Technika Chłodnicza Andrzej Klinkosz #         biuro@klinkosz.pl     #500 037 404
&quot;Kmak-Ster Krzysztof Makuch&quot; Krzysztof Makuch ##668 011 944
Kmiecik Radosław Firma Handlowo-Usługowa Chłodnictwo i Klimatyzacja #         chlodnictwo_kmiecik@op.pl     #662 199 682
&quot;KMK Klima&quot; S.C. #         biuro@kmkklima.pl     #(12) 262 93 43
Kodiak-Serwis Michał Sobczak #         kodiakserwis@gmail.com     #883 975 151
Komfort Serwis #         biuro@komfortserwis.com.pl     #(13) 442 91 98
&quot;Konkret&quot; Usługi Remontowo-Budowlane S.C. Mariusz Kubiak Jacek Marszałek ##693 860 091
KONSERWACJA, SERWIS I NAPRAWY DŹWIGÓW OSOBOWYCH (WINDY OSOBOWE) ORAZ SCHODÓW RUCHOMYCH. #         biuro@serwistechniczny.com     #788 145 145
&quot;Kozi&quot; Artur Kozłowski ##663 772 617
Kraktech S.C. Artur Demianiuk Krzysztof Jędrusiak ##501 501 033
&quot;Krio-Gaz&quot; Grzegorz Gul ##601 801 373
&quot;Król&quot; Piotr Król ##(77) 466 00 78
Krzysztof Klich-Serwis ##500 120 886
Krzysztof Murzyn JDK #         jdkklimatyzacja@gmail.com     #601 507 454
&quot;KTN&quot; Krzysztof Podmokły #         ktn1@wp.pl     #502 721 513
Kwat Chłodnictwo Wentylacja ##602 311 026
&quot;Loran&quot; S.C. PTHU Narolski Robert Waldemar #         pthu.loran@o2.pl     #603 156 563
&quot;Łazar&quot; Tomasz Łazarski ##660 069 211
Łukaszewicz Bogusław Klimatyzacja #         slawek.lukas49@gmail.com     #602 295 108
M - Tech Sp. z o.o. ##533 012 596
Magtech #         magtech1@interia.pl     #600 321 653
Makowska Aleksandra Serwis Utrzymania Ruchu ##508 250 913
&quot;Malwent&quot; Mariusz Malewski #         airwentsystem@wp.pl     #604 065 793
Mames Michał Serwis Urządzeń Klimatyzacyjnych ##602 350 960
Marcin Repeć Euromar ##501 587 567
Marcold Chłodnictwo Klimatyzacja Marcin Chmielewski ##506 929 031
Mariusz Maślanka MM System #         maslank@op.pl     #Oceń firmę i napisz o niej opinię:
Mariusz Pallach ##511 315 568
Markowska Anna Przedsiębiorstwo Robót Budowlanych Markowski i Spółka ##660 466 759
&quot;Mar-Pol&quot; Zakład Usługowo-Produkcyjno-Handlowy Marian Małek #         mmarpol@o2.pl     #(12) 654 96 73
MARTYN-EX s.c. ##(22) 428 51 76
&quot;Master-Klima&quot; Robert Grams #         master.klima@wp.pl     #516 680 526
MATTERMO Mateusz Szpinda #         mateuszszpinda@gmail.com     #698 383 931
Max Seweryn Chmiel #         kontakt@maxklimax.pl     #881 140 040
&quot;Max-Car&quot; S.C. Firma Usługowo-Handlowa #         maxcar@wp.pl     #(34) 368 02 90
&quot;Maxiclim&quot; Przedsiębiorstwo Usługowo-Handlowe Paweł Janus #         maxiclim@wp.pl     #782 811 363
&quot;M-Bud&quot; Usługi Remontowo-Budowlane Michał Zieliński ##608 841 712
MCKLIMA Sp. z o.o. #         mcklima@mcklima.pl     #Oceń firmę i napisz o niej opinię:
MDKD Sp. z o.o. ##(58) 733 01 77
&quot;Metkor II&quot; Przedsiębiorstwo Usługowo Handlowe Halina Gawłowska Antoni Matlewski ##(24) 261 29 29
&quot;Metkorbud&quot; Zakład Robót Ogólnobudowlanych Jan Gawłowski Małgorzata Stefaniak Matlewska Antoni Matlewski ##(24) 262 08 04
&quot;Met-les&quot; Przedsiębiorstwo Produkcyjno-Handlowo-Usługowe #         lnyc@hot.pl     #502 512 095
MG Klimat S.C. #         mgklimat@op.pl     #606 225 286
Michael War Cooling Klimatyzacja Michał Wojna #         michaelwar2018@gmail.com     #794 661 131
Michał Jankowski M-Komplex #         michaljankowski@m-komplex.pl     #501 878 258
Mirosław Gdowski Hugo Cold #         hugocold@o2.pl     #501 201 675
Mirosław Piątek Firma Remontowo - Budowlana ##660 760 469
Mks Klima ##502 358 919
&quot;ML Serwis&quot; S.C. #         serwis@mlserwis.pl     #516 630 333
Müller Serwis Zygmunt Müller #         mulla@op.pl     #(68) 351 11 26
Moja Klimatyzacja Montaż Serwis Sprzedaż Naprawa Urządzeń Klimatyzacyjnych #         mojaklimatyzacjaserwis@gmail.com     #739 031 483
Monastyrski Tomasz Usługi Budowlane ##(84) 660 74 68
Monastyrski Zbigniew Usługi Budowlane ##503 524 881
&quot;Mont&quot; Artur Walczyk ##782 981 782
MP Klimat Paweł Michałejko #         biuro@mpklimat.pl     #503 544 806
&quot;Msvent&quot; Sp. z o.o. #         biuro@msvent.pl     #(71) 396 74 74
&quot;Mtm Rem-Bud&quot; Mariusz Stalęga #         manius125b@wp.pl     #507 328 176
&quot;Multiklima&quot; Cezary Łuczak ##602 274 551
&quot;Nespol&quot; Zakład Wielobranżowy Nestor Matkowski ##601 266 580
New Cogen Sp. z o.o. ##(22) 858 14 64
Nikoner Tomasz Rembiasz-Kantor #         tomekrnikon@gmail.com     #698 486 900
&quot;N.M.G. Klimafrost&quot; Monika Błędowska ##(22) 787 12 91
&quot;Nord-Cool&quot; Chłodnictwo Klimatyzacja Dariusz Krakowiak #         nordcool@op.pl     #Oceń firmę i napisz o niej opinię:
&quot;Nordklim-Serwis&quot; Grzegorz Dorosz #         nordklim@gmail.com     #791 554 902
Nova Klima #         biuro@novaklima.pl     #601 239 102
NTW Airconomic #         norbert.tokarek@gmail.com     #782 360 101
&quot;OAK Polska&quot; Klimatyzacja ##662 193 431
&quot;Ogromar&quot; PUH Pindral Marcin ##(41) 300 32 90
&quot;Omega&quot; Sp.j. #         omega@omegaklima.com.pl     #(42) 674 46 06
ON Paweł Wyrozębski ##889 022 202
&quot;Ozon-Klim&quot; Piotr Mueller #         ozon-klim@wp.pl     #502 091 241
&quot;Panlex&quot; P.Ch. Paweł Chrypankowski #         pawel.chrypankowski@opoczta.pl     #514 158 401
Paweł Bajcer Serwis Chłodnictwo &amp; Klimatyzacja ##503 969 653
Paweł Matła Chłodnictwo i Klimatyzacja ##798 133 881
Paweł Sudoł Klimas #         pawelsudol@onet.pl     #601 541 093
Paw-Went Paweł Leszczyński #         paw-went@wp.pl     #661 059 654
&quot;Pcm&quot; Monika Chełchowska ##600 285 462
&quot;Pcm&quot; Monika Chełchowska #         pawelch@dcm.pl     #608 043 435
&quot;Peter&quot; Piotr Tomkowski #         p_tomkowski@wp.pl     #Oceń firmę i napisz o niej opinię:
PGU K.-D. Sadzio Sp. z o.o. ##601 549 460
Phoenix Fm Sp. z o.o. ##(22) 561 33 81
P.H.U. ELDOM-SERWIS Snow-Klima #         andrzej.kaplan@wp.pl     #(77) 483 46 00
PHU Ice-Went #         marcin.stu@onet.pl     #661 609 649
PHU Insterm Marcin Miron #         mmiron@wp.pl     #511 965 122
PHU Klima Partner ##605 680 292
PHU Klimaks Tomasz Rąpała ##609 982 354
P.H.U. Manor Grzegorz Stefańczyk ##(12) 644 77 55
PHU MaXWent #         maxwent@tlen.pl     #Oceń firmę i napisz o niej opinię:
P.H.U. &quot;Tech-Dom&quot; Czesław Rzeczycki #         tech-dom.serwisagd@wp.pl     #504 003 707
PHU Tech-Klim Janusz Wierzbicki #         biuro@tech-klim.pl     #504 863 332
P.H.U. Wesera Paweł Górski #         wesera@o2.pl     #668 318 479
P.H.U.P. &quot;Klimar&quot; ##604 295 665
P.H.U.R. &quot;Felix&quot; Marek Danilczuk ##(85) 675 33 83
&quot;Pibex&quot; Sp.j. Przedsiębiorstwo Wielobranżowe Bernard Szołtysik Jadwiga Chybowska #         biuro@pibex.com.pl     #(32) 231 66 43
&quot;Pik&quot; PHU Anna Klein ##668 114 380
&quot;Pinio&quot; PHU Bożena Lipowicz #         bozena.lipowicz@wp.pl     #602 291 111
Piotr Bąk Klima-Technika #         biuro@klima-kedzierzyn.pl     #692 088 309
Piotr Mendak Acserwis #         mendakp@interia.pl     #Oceń firmę i napisz o niej opinię:
Piotr Skrzeczek Sopelek Serwis Chłodniczy #         a.skrzeczek@wp.pl     #880 253 737
Plewiński Dariusz &quot;Darmex&quot; ##508 692 068
PlusInstal #         plus.szafranski@gmail.com     #Oceń firmę i napisz o niej opinię:
PM Klima Przemysław Materak ##(34) 359 19 70
&quot;Poland P.P.&quot; Sylwia Żołyńska #         sylwia.zolynska@onet.eu     #501 438 078
Polit Maciej Firma Usługowa ##691 376 610
&quot;Pol-Mot Rail&quot; Sp. z o.o. #         jacek.szatynski@polmotrail.pl     #(22) 831 58 98
P.P.H. Cooltech S.C. S.Kubiczek W.Kugler #         skubiczek@autograf.pl     #513 032 666
PPHU &quot;As-Max&quot; Adrian Staroszczyk ##(32) 259 88 82
&quot;Pro Air&quot; Sp z o.o. ##(71) 329 29 19
&quot;Pro Air&quot; Sp z o.o. #         proair@proair.pl     #Oceń firmę i napisz o niej opinię:
Probud Sp. z o.o. #         probud.sp.z.oo@wp.pl     #(62) 735 77 04
Pro-Klima #         proklima@onet.eu     #661 547 526
Przedsiębiorstwo Chłodniczo-Klimatyzacyjne Prorem-Agro Sp. z o.o. ##(58) 301 67 59
Przedsiębiorstwo Handlowo-Usługowe Jacek Zielonko #         jacekzielonko@o2.pl     #502 571 828
Przedsiębiorstwo Handlowo-Usługowe Robert Posłuszny ##730 908 708
Przedsiębiorstwo Handlowo-Usługowe Termostat Chłodnictwo Klimatyzacja Tomasz Cieślik ##(32) 228 75 73
Przedsiębiorstwo Produkcyjno Handlowo-Usługowe &quot;Ematek&quot; Wróbel Marcin #         ematek@op.pl     #609 311 529
Przedsiębiorstwo Produkcyjno-Usługowe &quot;Elektus&quot; Witold Smuga ##(13) 464 49 29
Przedsiębiorstwo Wielobranżowe Ziko Bartłomiej Drzymała #         drzymalabartek@wp.pl     #(68) 386 97 44
Psa Profesjonalne Systemy Alarmowe S.C. Chruściński M. Wojnarowicz M. ##(22) 638 91 20
P.U.H. Termikor Roman Jagodziński #         termikor@onet.pl     #662 050 092
&quot;PWSP Serwis&quot; ##692 589 377
Radomir Tompór Firma Usługowa #         radomirt86@interia.pl     #Oceń firmę i napisz o niej opinię:
Ram-Went ##(22) 720 17 45
Ram-Went M Tymińska a Błoński Sp. J. ##(22) 720 28 67
&quot;Ram-Went&quot; Sp. z o.o. Przedsiębiorstwo Projektowo-Wykonawcze Instalacji Sanitarnych ##(22) 720 28 67
Refleks Serwis Jacek Łukasik #         lukasikjacek@wp.pl     #608 308 808
Refserwis Daniel Górski ##513 604 241
&quot;Remal-Bud&quot; S.C. PPHU Jakub Pakuła Jacek Fieger ##601 531 130
Rem-Gres Wykończenia Wnętrz Jacek Borkowski #         jacekborkowski@op.pl     #530 540 284
Robert Ptaszyński FHU Robi #         fhurobi@tlen.pl     #501 444 483
&quot;Roger Auto&quot; Robert Kalisz ##509 931 903
Roman Ciekalski Cercold #         biuro.cercold@gmail.com     #517 147 311
Rosłoniec Mirosław Hit -Term #         hitterm@onet.pl     #Oceń firmę i napisz o niej opinię:
&quot;Royal-Star&quot; PPHU #         zapytania@royal-star.pl     #(14) 681 19 16
&quot;R.P.Klimaserwis&quot; S.C. Ryszard Budnik Paweł Pietrzak ##509 634 686
&quot;Rr Technik&quot; Sp. z o.o. ##883 196 100
Salon Firmowy Viessmann &quot;Korona&quot; Instalacje Bogusław Gomółka #         salonviessmann@onet.eu     #Oceń firmę i napisz o niej opinię:
&quot;Sambor&quot; PPHU Sklep Spożywczy Grzegorz Zych ##(42) 227 44 60
&quot;Sambor&quot; PPHU Sklep Spożywczy Grzegorz Zych #         samboragd@wp.pl     #692 344 928
&quot;Sanin&quot; Sp. z o.o. #         biuro@sanin.pl     #(22) 835 67 57
Seba-Klimatherm #         ukon1@wp.pl     #501 778 401
Sentta Kamil Olbrych ##668 185 018
Serwis i naprawa klimatyzacji samochodowych – Autkowawa #         autkowawa@onet.pl     #533 221 133
Serwis Urządzeń Klimatyzacyjnych Dariusz Chodorski ##693 168 608
SESCOM S.A. #         info@sescom.eu     #(58) 761 29 60
Sferawent ##(33) 851 13 85
Sferawent ##665 884 605
Sferawent ##695 906 902
Siekierka Janusz Przedsiębiorstwo Handlowo-Usługowe #         janusz-siekierka@wp.pl     #604 211 407
Sigma Instalacje Sp. z o.o. #         sekretariat@sigma-instalacje.com.pl     #Oceń firmę i napisz o niej opinię:
&quot;Sith-Kas&quot; Andrzej Nowak #         sithkas@gmail.com     #535 926 107
Skibiński Grzegorz Elektromechanika Chłodnicza #         ech.skibinski@op.pl     #601 299 105
&quot;SLick&quot; Marek Samulak #         marek.samulak@wp.pl     #(25) 798 39 36
&quot;Sms Klima&quot; Grzegorz Puchalski #         sekretariat@smsklima.pl     #(46) 832 49 74
Sokół Stanisław &quot;Chłodinstal&quot; #         chlodinstal.kety@onet.pl     #Oceń firmę i napisz o niej opinię:
&quot;Soltherm&quot; Włodzimierz Pastuszak #         biuro@soltherm.pl     #609 096 789
Spar Inwestycyjne Sp. z o.o. ##501 101 652
&quot;Specklim&quot; Michał Wakuła #         specklim@vp.pl     #608 307 373
Stanisław Łącki ##(13) 441 71 75
&quot;Start Serwis&quot; Michał Syrytczyk ##(22) 669 62 53
Stawoj Stacherczak Wojciech #         puh.stawoj@gmail.com     #664 479 310
&quot;Steelmint&quot; Roboty Budowlane ##603 670 666
STklimat Szymon Grabowski #         biuro@stklimat.pl     #660 708 566
&quot;Styro-Plast&quot; S.C. Stanisław Wasilewicz Janusz Jabłonowski Jan Wasilewicz Zdzisław Osowiecki Witold Dymek ##509 427 924
SURMIAK-SERWIS Zakład Naprawy AGD Jarosław Surmiak #         jarek.agd@poczta.fm     #696 922 497
&quot;S-Wat&quot; Zakład Instalacji Inżynieryjnych #         s.wat@neostrada.pl     #(95) 755 35 04
&quot;Symiszcz&quot; Vasyl Mishchuk #         biuro@symiszcz.pl     #(22) 780 99 84
&quot;System-Plus&quot; Jarosław Matysiak #         biuro@system-plus.com.pl     #722 300 307
Szak-Bud Szyszka Jerzy Ancypa Grzegorz Kędzierski Sławomir ##(22) 612 60 16
Szron-Serwis Klimatyzacji AGD #         szron@sz.home.pl     #(91) 387 35 00
Szymański Kazimierz Elektromechanika Urządzeń Chłodniczych ##604 370 176
Szymon Chłosta Usługi Remontowo-Budowlane ##500 365 033
&quot;TanieKlimatyzacje.pl&quot; KAROL ZIELIŃSKI #         kzielinski1@op.pl     #515 969 022
Tarim Klimatyzacja Arkadiusz Tomaszewski #         biuro@klimatyzator.waw.pl     #505 444 748
Tarim Marcin Wichniewicz Arkadiusz Tomaszewski S.C. #         biuro@klimatyzator.waw.pl     #505 444 748
T-Call S.C. Surman Marcin Landsberg Konrad ##(22) 679 16 89
&quot;Techbud&quot; S.C. Aleksander Pawłowski Norbert Krasuski ##(95) 720 45 52
Techcool Chłodnictwo Klimatyzacja S.C. M. Henzel S.G aszek P. Stachowiak #         m.henzel@techcool.pl     #609 798 450
Techcool Sp. z o.o. ##(65) 571 90 51
Tech-Klimat Mańkowski Marcin #         mankowskimarcin.mm@gmail.com     #500 186 503
&quot;Techno Art&quot; S.A. #         biuro@techno-art.pl     #(22) 357 82 84
&quot;Tech-Serwis&quot; Sp. z o.o. ##(22) 667 02 50
Tech-System Kaprzyk Stefan #         info@techsystem-automatyka.pl     #Oceń firmę i napisz o niej opinię:
&quot;Telstar&quot; Sp. z o.o. PHP ##(25) 792 27 43
&quot;Teoma&quot; S.A. Oddział ##(71) 336 77 33
&quot;Teralwent&quot; Tomasz Kufel ##606 499 983
Termo Bud S.C. Jan Sadowski, Renifor Szczepański ##(42) 681 12 14
Termoclim International Trading Spółka z o.o. Przedsiębiorstwo Techniczno-Handlowe Ciepłownictwa Wentylacji i Klimatyzacji #         info@tit.com.pl     #(22) 675 36 36
&quot;Termo-Dek&quot; S.C. ZPU Marian Zięba Adam Grześkiewicz ##(41) 247 88 27
&quot;Tewes-Klima&quot; Sp.j. K. Skowroński #         firma@tewesklima.com.pl     #(89) 514 71 16
&quot;Thermocool&quot; Edward Bury ##(68) 360 90 52
&quot;TIM Serwis&quot; Sebastian Matuszewski ##501 962 960
&quot;Tiserec&quot; S.C. PPHU Grzegorz Książek Paweł Książek ##602 456 030
&quot;Tk Aeroklima&quot; Tomasz Kociel #         t.kociel@gmail.com     #666 831 938
&quot;Tomex&quot; Firma Handlowo-Usługowa Tomasz Ciszewski ##(52) 384 12 84
&quot;Tomi&quot; Naprawa Urządzeń Chłodniczych Tomasz Balasa #         tomiba2608@op.pl     #517 851 048
Topklima Serwis Tomasz Węgrzyn #         t_wegrzyn@o2.pl     #507 103 923
TR KLIMA PPHU Tomasz Rogoś #         tomaszrogos1989@gmail.com     #794 068 365
Trobud Michał Troszczyński ##502 495 601
Tworzydło Mariusz Max-Mar #         mariusz7934@wp.pl     #Oceń firmę i napisz o niej opinię:
Udarex S.C. Zawiliński Marcin Parkitny Zbigniew ##(77) 435 84 27
Uni-Serwis Dariusz Gandziarowski #         uniserwis6@wp.pl     #509 065 159
Usługi - Handel - Produkcja Mianda Damian Lutowski ##604 130 210
Usługi Montażowe Tomex Tomasz Masojć #         tomex.went@wp.pl     #509 655 606
Usługi Ogólnobudowlane Wiesław Wdowczyk ##662 866 326
Usługi Remontowe - Janusz Rosiński #         j.r.61@o2.pl     #791 034 316
Usługi Remontowo-Budowlane Grzegorz Wątor ##781 904 979
Usługi Remontowo-Budowlane Jacek i Grzegorz Buczyńscy S.C. ##(41) 394 37 12
Usługi Remontowo-Budowlane Jr-Dom Wawrzyniak Ireneusz ##510 266 841
Usługi Remontowo-Budowlane Ufniarz Grzegorz ##(15) 873 15 04
&quot;VBS Polska&quot; Dariusz Bartycha #         dariusz.bartycha@wp.pl     #666 711 222
Ventra Serwis Sp. z o.o. ##(42) 637 75 90
&quot;Vera&quot; Firma Handlowo-Usługowa Stefan Cichoń #         verasystem@tlen.pl     #607 220 891
&quot;Vip-Klima&quot; Piotr Kamiński ##691 624 247
Vitaklim Krzysztof Wocial #         biuro@vitaklim.pl     #505 684 104
&quot;Viver&quot; Robert Rapczewski #         kontakt@viverpolska.pl     #790 434 515
V-Matic Grzegorz Kuich #         g.kuich@v-matic.pl     #602 479 674
Waldemar Woźniak Przedsiębiorstwo Instalacyjno Budowlane &quot;Instalbud&quot; ##(71) 336 06 49
&quot;Wasiak&quot; Kazimierz Młynarski ##(76) 877 53 41
Wątor Henryk Elektromechanika Dźwigowa &quot;H-w&quot;. ##502 674 367
&quot;Wiko&quot; Elewacje Docieplenia Hubert Matysiak ##512 076 059
Wioletta Pycia Jaro #         wiolakp@vp.pl     #Oceń firmę i napisz o niej opinię:
&quot;Wirex&quot; Przedsiębiorstwo Produkcyjno-Usługowo-Handlowe S.C. Witold Wielebski Bartosz Płóciennik ##605 239 502
&quot;Wit&quot; Serwis Urządzeń Klimatyzacyjnych Tomasz Iwaszko ##(58) 309 41 91
&quot;Witwent&quot; Witold Sienniak ##(22) 837 62 34
Wojciech Kuligowski i Artur Walczyk &quot;Mont&quot; S.C. #         happyman11@op.pl     #Oceń firmę i napisz o niej opinię:
Wojmar Wojciech Sianoszek ##512 021 060
&quot;Wol-Hurt-Service&quot; S.C. Przedsiębiorstwo Handlowo-Usługowo-Produkcyjne #         biuro@wolhurt.pl     #(81) 534 67 37
WW-Term Z. Woźniak M. Wróblewski #         ww-term@wp.pl     #606 980 569
&quot;X Future&quot; Waldemar Jira #         xfuturewj@gmail.com     #(18) 207 04 70
Yogico Urszula Piotrowska #         urszula.piotrowska@yogico.pl     #502 280 424
Zakład Elektromechaniki Chłodniczej Adam Salachna #         zech@onet.pl     #602 104 166
Zakład Elektromechaniki i Instalacji Elektrycznej Alojzy Roj ##(34) 359 75 46
Zakład Konserwacji i Usług Elektromechanicznych S.C. Wojciech Żeber Marian Kurek ##(41) 273 24 21
Zakład Produkcyjno-Usługowo-Handlowy Import-Export Zbigniew Bieniecki #         zbigniew.bieniecki@interia.pl     #501 557 705
Zbigniew Śliwiński ##508 138 611
&quot;Zwoliński&quot; Chłodnictwo i Klimatyzacja Przemysław Zwoliński ##505 985 729
Henryk Wiąz Zakład elektromechaniczny i chłodniczy #         nowogard@wiazhenryk.com.pl     #(91) 579 24 80
Eko-Trust Systemy chłodnicze i wentylacyjne Spółka z ograniczoną odpowiedzialnością #         maciej@eko-trust.pl     #602 445 569
Probon Sp. z o.o. #         biuro@probon.pl     #694 499 309
Calesco S.A. #         calesco@calesco.pl     #603 615 651
PHU Dargaz Dariusz Smuniewski Krystyna Smuniewska Sp. Jawna #         dargaz@dargaz.pl     #(25) 787 73 23
Serwis Stokrotki Artur Zmorczyński #         serwisstokrotki@wp.pl     #(22) 846 61 79
Dariusz Mruk Auto Serwis #         dariuszmruk@wp.pl     #501 304 049
Polhar Chłodnictwo Klimatyzacja Łukasz Harasimowicz #         polhar@wp.pl     #510 275 211
Manufaktura Wrocławska Tomasz Olszewski #         biuro@manuwroc.pl     #693 003 563
Elmatik Grzegorz Sarad #         elmatik@poczta.fm     #505 069 855
Klimart Adam Odoj #         ad.odoj@interia.pl     #513 978 468
Speed Power Grzegorz Lechański #         gcar135@o2.pl     #604 142 914
Kopinstal Przedsiębiorstwo Instalacyjno-Remontowe Grzegorz Koper #         gkoper@op.pl     #601 302 071
eltraKON Komputery Wojciech P. Kowalczyk #         eltrakon@eltrakon.pl     #(41) 378 22 28
Instal PHU Ryszard Janko #         instal.slupsk@gmail.com     #(59) 725 61 20
Euroterm Haik, Mackiewicz Spółka Jawna #         zamosc@euroterm.eu     #(84) 542 19 74
MGB pompy instalacje #         mgb@mgb.com.pl     #(58) 554 55 40
Klimar Robert Kolski #         biuro@klimar-klimatyzacje.pl     #515 917 109
Dariusz Dąbroś Usługi hydrauliczne #         dariuszdabros89@interia.pl     #782 270 400
Frater AGD Klimatyzacja Wentylacja Rekuperacja Pompy Ciepła #         frater@frater.com.pl     #(71) 321 02 93
Jacek Ciupa Mechanika i Blacharstwo Pojazdowe #         eq.jacek@op.pl     #505 144 104
Instalterm Technika Grzewcza i Sanitarna Artur Życki #         instalterm@wp.pl     #(12) 282 62 64
ProSystem Kasprzak Łukasz Kasprzak #         prosystemkasprzak@gmail.com     #790 490 056
Robtech - Instalacje Obiektowe Robert Śledziewicz #         robtech@firma.pl     #504 211 497
Remontu i Tam Wykończenia Wnętrz, Klimatyzacja Pompy Ciepła Andrzej Mężyński #         a.mezynski23@gmail.com     #664 804 515
KMP Sp. z o.o. #         biuro@kmp.net.pl     #(71) 305 13 93
Instalterm T.J.M. Wójcikowscy Spółka Jawna #         mwojcikowski@instalterm.pl     #(14) 626 20 45
Elektro-System Sławomir Michalczewski #         elektro-system.sm@wp.pl     #601 955 934
Auto-Klimat Marcin Kowalewski #         auto-klimat@wp.pl     #(58) 621 94 44
RINX Chłodnictwo i Klimatyzacja #         rinxserwis@gmail.com     #885 221 220
Tomasz Grobelak Instalacje #         grobelakinstalacje@interia.pl     #609 219 541
Ago Drogi Sp. z o.o. Centrum Pomp Ciepła #         jerzykollbek@gmail.com     #605 195 658
Instalacje Grzewcze Kompleks-Instalator Zdzisław Kamieniorz #         zdziu@poczta.onet.pl     #503 142 445
Tomhan. Produkcja, montaż kanałów wentylacyjnych i klimatyzacyjnych #         biuro@tomhan.pl     #(33) 488 64 12
Wróż Szymon Chłodnictwo #         biuro@chlodnictwo-wroz.pl     #(32) 210 01 39
Agro Serwis Łukasz Tyburski #         luki010483@wp.pl     #502 981 203
Ford Sławek Niezależny serwis Ford #         fordslawek@vp.pl     #698 747 550
Centrum Truck Service Autoryzowany serwis Alltruck Arkadiusz Drążewski #         piotr.mroz@centrumtruckservice.pl     #602 176 132
Calesco S.A. #         calesco@calesco.pl     #509 359 083
Wojtal Spółka z ograniczoną odpowiedzialnością #         wojtalbeton@onet.pl     #734 427 856
Termo Technika Monika Czamara #         biuro@termo-technika.pl     #(12) 636 47 38
Piotr Główczyński inż. Serwis domowy #         serwis.domowy79@gmail.com     #669 103 234
Sow Plast Przedsiębiorstwo wielobranżowe Piotr Sowa #         sowplast@op.pl     #500 019 509
Auto-Mark #         biuro@auto-mark.com.pl     #(42) 654 90 05
Asist Andrzej Majewski #         biuro@asist-automatyka.pl     #(58) 686 65 30
Kris Car Krzysztof Spoczyński #         biuro@kriscar.waw.pl     #503 333 600
Auto Serwis Jancarz Bartłomiej Jancarz #         serwisjancarz@op.pl     #512 289 522
Cezan #         cezan_moto@wp.pl     #601 858 448
Tachoparts - Sprzedaż, montaż, serwis i legalizacja tachografów i systemu Etoll #         biuro@tachografy-wroclaw.pl     #731 885 445
Idomq Inteligentne Instalacje Rafał Stepnowski #         projekty@idomq.pl     #660 693 740
Centrum Usług Motoryzacyjnych s.c. Roman Machnik Janusz Nowak #         cum@vp.pl     #(12) 386 20 20
Krzysztof Ciesielski. Euro-vw-car #         ciesielskik@op.pl     #513 206 947
Motocykle-Kucyk. Kuczyński P. #         moto-kucyk@wp.pl     #505 189 600
3K Tech Tomasz Kubacki #         hydraulika@3ktech.pl     #(61) 870 71 67
TKT Auto-Gaz Tomasz Nejman #         tktautogaz@wp.pl     #691 332 331
Bożena Matras ClimaCool #         rekuklima@gmail.com     #794 177 529
Tomasz Jabłoński Klim-El #         klimel.tj@gmail.com     #669 901 875
V-Matic Klimatyzacja Wentylacja Pompy Ciepła Fotowoltaika #         g.kuich@v-matic.pl     #602 479 674
Hapex Karol Hapka #         karol750408@wp.pl     #888 254 086
Serwis Chłodniczy Piotr Muzyka #         piotrekserwis@wp.pl     #602 271 074
Toma-Cars Okręgowa stacja kontroli pojazdów autoserwis #         biuro@toma-cars.pl     #(72) 467 89 17
Stacja Auto-Gaz i Skład Opału Trans-Wag Sp. z o.o. #         info@trans-wag.pl     #(81) 441 35 53
Trans-Wag Sp. z o.o. #         info@trans-wag.pl     #(81) 441 35 53
TKT Tomasz Nejman #         tktautogaz@wp.pl     #691 332 331
Jacek Ciupa Mechanika i Blacharstwo Pojazdowe #         eq.jacek@op.pl     #799 019 076
Automechatronic Justyna Piskozub #         autotronic.poznan@gmail.com     #536 428 662
Comcar Zakład handlowo usługowy Dariusz Paś #         darek.pas@wp.pl     #792 364 661
Pam-Tom Zakład mechaniki pojazdowej Andrzej Potapczyk #         sylwana.potapczyk@onet.pl     #606 475 439
Voltage Adam Kwaśniewski #         biuro@voltage.net.pl     #503 076 376
Truck&amp;Car Service Warsztat u Ryśka Ryszard Rutkowski #         r.rutkowski@tac24.pl     #609 139 969
Clim-Team #         biuro@climteam.pl     #533 244 515
Mk Instalacje Grzewcze K Kosewski M. Lis s.c. #         mk.instalacje.grzewcze@gmail.com     #791 015 956
Mój klimat Maciej Błaszczyk #         biuro@moj-klimat.pl     #603 217 412
Eco Instal Michał Piątek #         michal261@poczta.onet.eu     #539 779 938
Wentmir FHU Joanna Mirowska #         wentmir@wp.pl     #665 764 524
GMK Modern Spółka z ograniczoną odpowiedzialnością #         matczaklukasz@wp.pl     #602 551 819
TuDajAuto Mechanika Pojazdowa Dawid Tudaj #         dawid.tudaj@onet.pl     #796 546 999
Konwent Sp.z o.o. #         biuro@konwent.com.pl     #(79) 551 68 53
Galaxy-Motors Wiktor Łukaszewicz #         victorlimo@o2.pl     #601 051 159
Agro-Star #         biuro@agro-star.com.pl     #(62) 764 11 34
Cominki.pl Ekologiczne kominki gazowe i nowoczesne #         kontakt@cominki.pl     #535 555 687
Auto Gaz Śląsk sp. z o.o. #         biuro@autogaz.com.pl     #(32) 609 64 12
Solar-Term Marcin Chrzanowski #         biuro.solar@gmail.com     #664 337 196
S &amp; S Ford #         biuro@abc-auto.pl     #(12) 636 17 20
Luk-Power-Sun Łukasz Borwik #         biuro@luk-power-sun.pl     #883 010 537
Firma Handlowo Usługowa Mk Maciej Koniarek #         maciejkoniarek97@gmail.com     #662 598 626
EcoPlus Artur Bodziony #         abodziony@gmail.com     #570 300 400
Tospol Puh s.c. #         bok@tospol.pl     #(56) 462 49 19
Grzegorz Majacki #         grzesiek2103majacki@gmail.com     #695 537 870
Klima Majster Miłosz Świercz #         klimamajster.ms@gmail.com     #605 171 847
Drivetech Polska Sp. z o.o. #         biuro@drivetech.pl     #600 450 635
Tomastery Instalacje Tomasz Szczepek #         tomasz.szczepek@o2.pl     #660 202 223
KlimGaz Paweł Bejerski #         klimgaz1@wp.pl     #604 197 138
Elektrom Elektromechanika Chłodnicza Jacek Prokocki #         biuro@elektrom.pl     #605 444 316
Frigo-Therm Paweł Bielski #         kontakt@frigo-therm.pl     #660 711 749
Haraj Instalatorstwo Krzysztof Haraj #         krzysztof.instalacje@wp.pl     #605 681 113
Jo-Ma Serwis Mateusz Zacharewicz #         jomaserwis22@gmail.com     #605 038 979
Stangaz Firma Handlowo-Usługowa Stanisław Surówka #         staszek5591@op.pl     #(12) 278 63 75
Ventima Jacek Kałużny #         info@ventima.eu     #601 552 842
Klimatyzacja &quot;WST-SERWIS&quot; Arkadiusz Piotrowski #         klima-wst-serwis@wp.pl     #666 654 110
Wojciech Kwiecień #         kwiecienwoj@o2.pl     #792 348 627
Phf Serwis Zakład Samochodowy Spółka z Ograniczoną Odpowiedzialnością #         phf@wp.pl     #604 134 256
Sławomir Kęsy Naprawa i Montaż Urządzeń Chłodniczych #         klimatyzacja.pingwin@wp.pl     #602 444 163
Mobile Service Sp. z o.o. #         mobileservice@op.pl     #881 288 101
Autoglas-Mika Monika Kosińska #         autoglas-mika@wp.pl     #518 600 843
ATC-SOLAR S.C. Aleksander Owczarek, Cyprian Gałaj #         c.galaj@atc-solar.pl     #793 280 634
Andrzej Barszcz ZUH AGD Chłodnictwo i Klimatyzacja #         andrzejagdserwis@wp.pl     #501 987 429
Piotr Kominek #         piotrus225@wp.pl     #883 655 933
Kris PPHU Krzysztof Pogocki #         krzysztof-pogocki@tlen.pl     #601 325 306
Autoblok Łukasz Szopa Mechanika Samochodowa #         firma@autoblok.wroclaw.pl     #501 272 181
A-Marant Mariusz Fąs #         biuro@a-marant.pl     #535 923 888
Isgad Przedsiębiorstwo Instalacyjno-Budowlane Andrzej Skurczyński #         andrzejskurczynski@wp.pl     #602 703 945
Jan Cytlau Stacja Kontroli Pojazdów #         biuro@cytlau.pl     #(77) 413 10 93
JL Auto Dystrybucja Części, Serwis Jacek Lebioda #         jacek-lebioda@wp.pl     #(22) 774 44 99
Arktic Chłodnictwo i Klimatyzacja Sławomir Drzewiczewski #         arkticgiz@o2.pl     #512 151 611
Wit-Tech Instalacje Elektryczne Michał Witczak #         m.witczak1987@gmail.com     #606 600 891
Venty System Wentylacja-Rekuperacja Tomasz Furtak #         venty.system@gmail.com     #662 557 501
Adamo #         ad-ko@ad-ko.pl     #502 199 911
Bo-Jar Sp. z o.o. #         bojar-tr@wp.pl     #510 391 972
Dewiza sc Kluska M D #         kluska@dewiza.pl     #(32) 249 76 95
Eko-Grzewka Krzysztof Gwizdała #         krzysztofgwizdala@wp.pl     #609 488 051
Lider G.U.M. Artur Michał Rogóż #         artus2006@op.pl     #502 369 178
Apdar Dariusz Rajman #         apdar@wp.pl     #600 718 890
Multi Serv Dominik Nowak #         kontakt@multiserv-konin.pl     #669 321 320
Krak-Test #         biuro@krak-test.pl     #(12) 415 88 15
Mascar Przedsiębiorstwo Handlowo Usługowe Sebastian Wolak #         mascar@stag.pl     #609 610 999
Giejbo Mechanika Samochodowa Klimatyzacja #         giejbo@o2.pl     #(91) 407 33 07
PPHU Dema Dariusz Dębski -Producent Kanałów Wentylacyjnych #         demadarek@wp.pl     #660 775 571
Regastro Grzegorz Głodowski #         regastrobiuro@tlen.pl     #604 603 631
TOMASZ MENET AUTO SERWIS #         automenet@gmail.com     #(12) 383 48 59
Webasto Eberspaecher Serwis Aleksander Mierzwa #         olek.mierzwa@o2.pl     #607 639 749
DELTA Technika Grzewcza #         mateusz@delta.boleslawiec.pl     #757 352 235
A-J Instal #         biuro@aj-instal.pl     #533 355 358
Centrowent 2 Emilia Koszela #         wk@centrowent-kalisz.pl     #602 671 928
Kosztbud FHU Krzysztof Kubik #         kosztbud@interia.pl     #604 063 313
Eso Białołęka Service Sp.j. #         kontakt@eso.waw.pl     #602 100 444
Zis-Tech Grzegorz Owca #         biuro@zis-tech.pl     #607 760 770
Gadolin Chłodnictwo Urszula Tokarczyk #         urszula.tokarczyk@gmail.com     #502 469 670
Przedsiębiorstwo Budowlano - Instalacyjne Elmar-W Wioletta Kopacz Władysław Szpiech #         wiola.kopacz@gmail.com     #501 753 026
Auto Serwis Józef Umecki #         jumator3089@poczta.onet.pl     #607 150 866
Ats Auto-Technika Serwis Robert Łyda #         serwis@ats-auto.pl     #604 311 312
Supral Autoryzowany Zakład Montażu Alarmów, Blokad i Autogazu #         biuro@supral.pl     #(71) 325 33 93
Intech Arkadiusz Gontarczyk #         agontar123@gmail.com     #519 428 518
Auto-Serwis Paweł Pabian #         autoserwispabian@gmail.com     #785 938 989
Elektromechanika Chłodnicza Krzysztof Snowarski #         snowar@onet.pl     #602 136 158
Zakład Montażu Rozruchu I Eksploatacji Ko-Went #         biuro@ko-went.pl     #601 877 972
Enb Instal Tech Nikodem Butryn #         nikodem.butryn@wp.pl     #517 864 877
DREAM KLIMA GRZEGORZ MITURA #         biuro@dreamklima.pl     #602 236 403
Nowex Stalowa Wola Sp. z o.o. #         biuro@nowexstw.pl     #515 062 910
Grzegorz Galuba Auto Serwis Grzenek #         grzenex1981@gmail.com     #885 211 338
Dziupla Garage Auto Serwis, Klimatyzacja, Instalacje LPG Piotr Ziętek #         chudyy48@gmail.com     #572 078 224
Diakom - Serwis Klimatyzacji Samochodowej #         diakom@adres.pl     #607 101 491
Gramar PHU Mariusz Serocki #         sermar@o2.pl     #888 130 402
Elektro Styl Łukasz Troc #         elektrostyl01@gmail.com     #794 771 436
Thermoclima #         thermoclima@int.pl     #518 465 649
Koliber Roman Leś #         koliber.r.les@wp.pl     #507 060 020
Motomario Mario Jakubowski #         serwis@motomario.pl     #787 379 620
Fotovolt Paweł Niżborski #         info@foto-volt.com.pl     #665 210 092
Alfa-Omega Grzegorz Gatkowski #         alfa-omega-gatkowski@o2.pl     #790 703 610
Naprawa I Konserwacja Urządzeń Chłodniczych Janusz Kołbuc #         januszkol42@o2.pl     #696 757 069
Vw Serwis #         serwis_101@wp.pl     #602 344 059
Zicar Zbigniew Kurek #         zbigniewkurek01@gmail.com     #605 547 738
Complex Bud Krzysztof Salamon #         complexbud@op.pl     #601 359 852
Tebis Chłodnictwo #         biuro@tebis.com.pl     #(94) 347 14 71
Dariusz Żychlewicz Elektromechanika Pojazdowa #         zychlewicz@wp.pl     #604 208 652
Euro-gaz Plus Sp. z o.o. #         biuro@eurogazplus.com     #695 189 323
Klimatex Przedsiębiorstwo Budowlano-Instalacyjne #         klimatex@poczta.onet.pl     #602 648 055
Tech System Andrzej Tokarski #         biuro@techsystem.org.pl     #693 572 270
Omega Naprawa Sprzętu Chłodniczego #         lublin.omega@o2.pl     #(81) 443 15 05
Auto-Częsci Klimatyzacja Samochodowa Hubert Burys ##604 351 996
Blp Klimatyzacja Wentylacja Chłodnictwo Ogrzewanie #         biuro@blpklimatyzacja.pl     #(12) 307 31 35
Chłodnictwo i Klimatyzacja Łukasz Macniak ##602 281 420
Chłodnictwo Klimatyzacja Mirosław Kibitlewski #         kibitlewski@wp.pl     #602 657 804
EKSPERT - Serwis pomp ciepła, klimatyzacji, kotłów #         irekgat@wp.pl     #508 105 590
FHU Puniek Klimatyzacja Wentylacja Łukasz Wyskiel #         biuro@ventline.pl     #791 745 988
Instalacje Co Serwis Urządzeń Grzewczych i Klimatyzacji Wiesław Woch ##606 348 874
Instalacje C.O.-Wod.-Kan.-Gaz Klimatyzacja Ślusarstwo Grzegorz Halontka #         ghalontka@interia.pl     #603 869 195
Instalacje Sanitarne-Grzewcze Klimatyzacja &quot;Instalfach&quot; Sławomir Warczyński ##605 889 719
&quot;Klima-Term&quot; Klimatyzacja Ogrzewnictwo Armatura Sanitarna S.C. Tomasz Fitrzyk Marek Smok ##604 132 525
Klimatyzacja i Wentylacja &quot;Polwent&quot; Stanisław Olech #         polwent22@wp.pl     #693 893 181
Montaż Wentylacji i Klimatyzacji Cichocki Mariusz ##660 255 938
Piotr Anyszek Usługi Hydrauliczne Wentylacje - Klimatyzacje ##699 324 445
&quot;Tadex&quot; Klimatyzacja Ogrzewanie Tadeusz Cychowski #         tadeuszc@tadexklima.pl     #609 874 769
Technika Grzewcza Sanitarna i Klimatyzacja Echttech Mariusz Podmokły #         biuro.echttech@gmail.com     #515 306 448
